100 0
0 0 0 0 121 137 0 178 0 0 0 191 0 136 0 0 55 7 36 0 0 113 161 0 6 0 42 0 0 0 136 132 119 98 133 44 93 181 0 55 0 27 129 0 72 140 0 0 154 189 0 0 0 132 0 166 164 19 0 103 0 0 172 84 43 173 76 0 105 0 0 0 0 0 77 0 194 0 0 0 133 0 0 62 146 161 0 0 141 19 0 178 0 0 0 0 0 0 25 0
6 0 137 46 199 102 0 0 79 0 153 63 0 0 0 0 0 0 0 0 68 0 153 86 0 149 0 159 83 91 0 173 0 102 94 10 0 0 158 37 0 179 0 126 0 43 0 119 0 119 0 0 0 0 130 154 171 0 31 0 0 27 144 0 0 0 71 0 85 144 40 0 94 0 120 135 0 0 0 28 0 175 0 174 131 115 0 6 114 102 145 0 81 0 82 0 0 147 25 0
89 0 0 0 155 0 0 0 130 107 136 0 54 37 0 0 0 20 0 0 165 0 192 103 7 32 81 157 1 118 199 109 47 3 70 0 128 146 0 118 0 0 160 154 0 88 0 75 182 0 85 67 81 123 66 146 18 0 144 0 155 0 0 0 0 0 0 0 0 8 32 126 189 198 0 0 0 0 158 0 0 0 195 0 174 0 0 0 73 0 0 0 54 137 86 0 132 0 0 7
180 49 0 0 90 0 15 138 0 0 80 198 0 0 41 0 173 0 118 0 113 174 0 81 0 122 0 89 50 46 88 0 0 0 92 0 0 72 0 0 0 50 0 59 160 199 0 0 136 0 0 0 0 0 186 0 48 166 0 120 134 0 187 0 41 153 0 158 0 0 0 20 140 0 0 0 0 173 185 0 146 123 4 0 0 0 123 0 0 0 162 0 0 144 95 0 154 0 94 127
79 37 150 38 0 0 135 52 69 95 0 0 48 34 0 0 36 0 0 0 136 0 102 0 103 31 128 0 99 27 0 195 112 23 0 0 53 0 0 171 191 0 193 66 0 0 0 0 0 108 0 65 92 102 77 187 0 108 77 0 0 0 29 0 0 116 0 168 52 0 103 75 76 0 33 101 0 72 0 194 0 170 0 0 0 60 0 0 126 57 123 0 125 0 0 190 80 39 0 0
29 172 0 0 0 0 0 47 0 0 21 5 0 0 0 162 172 29 0 71 0 0 0 0 0 0 0 78 0 0 0 0 0 110 110 0 0 0 0 152 17 85 147 124 0 189 0 0 145 0 122 125 0 0 0 164 167 120 20 0 3 0 3 0 188 0 0 0 0 195 188 154 27 91 0 125 0 0 108 0 0 0 0 52 83 113 0 26 0 0 55 52 0 28 0 41 0 0 0 50
8 62 0 109 0 35 0 0 182 153 99 30 75 0 122 151 0 0 187 110 25 129 155 0 0 0 199 21 0 17 45 87 0 0 27 0 0 0 0 168 51 55 0 0 0 107 76 8 0 0 153 161 0 59 96 0 175 133 59 198 0 91 54 0 0 0 0 0 34 6 119 109 0 0 190 71 0 182 0 97 0 27 136 0 39 0 183 0 146 151 0 0 67 91 93 178 0 14 0 0
0 45 42 0 169 112 0 0 0 0 0 129 143 22 0 101 126 176 156 0 0 83 0 0 0 0 110 0 102 144 0 0 0 0 179 0 93 192 103 0 0 194 77 192 118 67 37 160 0 82 0 0 0 177 0 0 0 0 0 0 139 0 0 0 0 0 0 148 0 26 0 73 0 39 0 0 10 84 0 0 0 0 0 0 0 188 0 0 0 0 28 115 156 48 192 7 0 51 0 0
0 116 161 0 159 188 100 42 0 107 0 0 0 131 0 196 172 35 24 48 138 48 158 0 0 178 61 161 0 52 0 55 0 0 0 0 120 36 177 0 182 146 135 138 121 144 9 99 0 132 0 145 0 95 1 0 128 0 0 0 160 10 0 7 0 176 190 140 0 0 0 0 0 63 0 0 55 0 0 199 0 0 0 0 35 0 3 0 0 36 12 0 88 0 0 0 182 26 0 100
56 0 106 0 0 0 0 83 0 0 0 0 0 0 0 98 0 192 0 157 53 87 0 123 0 0 181 0 161 77 0 63 4 27 0 170 19 24 0 0 149 0 0 131 0 0 16 0 175 114 41 0 110 0 0 0 44 0 94 0 0 126 0 97 0 0 134 0 136 0 0 0 0 118 0 42 197 171 0 125 84 0 0 0 55 74 52 0 173 0 0 65 0 0 0 164 151 71 0 7
95 0 87 0 0 0 0 0 121 21 0 14 0 196 81 40 106 0 0 0 0 195 96 51 0 0 155 150 0 0 0 0 0 0 180 0 150 0 0 0 68 0 195 78 137 116 156 0 0 125 38 138 0 126 0 0 143 0 113 0 0 20 101 164 0 0 148 22 107 0 166 0 197 106 0 72 0 0 81 69 0 0 124 0 0 0 0 0 125 69 0 0 0 0 162 0 0 41 0 166
0 0 21 115 155 97 0 0 81 0 0 0 140 0 0 0 11 67 0 0 140 93 0 115 0 0 0 0 50 153 0 0 0 159 171 199 97 0 21 26 0 0 99 0 70 80 0 0 55 0 0 167 146 89 0 0 0 132 0 61 73 0 196 0 0 0 140 174 49 157 24 41 0 112 0 119 45 0 6 0 0 58 3 42 0 196 45 159 0 116 137 98 0 177 53 191 102 0 107 5
198 119 0 120 0 104 0 0 122 95 0 0 0 0 0 0 84 0 0 20 70 81 42 0 62 0 0 166 0 21 0 0 0 163 129 98 27 0 7 0 0 35 0 0 0 0 0 0 0 99 128 0 88 0 189 21 166 0 9 0 0 0 164 6 0 184 24 0 99 0 0 0 0 4 0 0 0 0 40 0 130 0 0 0 7 113 0 104 0 71 122 140 0 185 21 0 131 158 0 183
166 151 0 0 0 110 51 35 69 0 2 0 32 0 0 174 170 0 0 44 0 0 16 193 136 102 0 0 180 78 0 0 15 130 0 102 0 0 79 91 84 8 0 0 0 109 23 148 0 117 0 0 0 0 0 0 0 0 9 71 0 0 0 0 22 148 137 156 12 0 0 132 0 0 185 187 86 70 149 0 161 0 0 0 0 0 124 0 183 0 41 178 195 0 0 66 0 0 0 123
0 0 0 194 28 169 8 170 0 175 124 0 0 0 0 100 81 116 0 105 0 0 160 0 0 0 0 25 0 82 55 109 117 103 0 0 0 0 154 0 0 0 107 82 0 0 58 0 0 0 56 0 0 167 0 166 16 37 147 0 167 0 38 0 0 55 0 0 46 0 13 0 109 25 83 0 0 197 0 177 109 0 54 0 188 30 0 0 0 191 0 0 0 55 0 0 0 126 99 166
0 65 0 0 197 130 199 174 120 54 151 0 49 2 0 0 121 86 39 196 72 31 0 0 193 185 0 72 184 0 13 66 0 77 0 0 197 0 0 20 135 187 0 0 0 13 0 158 0 0 35 35 172 0 10 0 0 44 88 0 0 71 21 0 0 171 0 0 0 103 71 0 176 37 0 0 177 0 0 0 171 0 0 0 190 125 187 97 0 0 0 107 46 61 54 123 46 0 150 174
0 6 8 0 29 26 119 43 192 0 162 28 25 0 0 48 0 87 3 159 0 0 0 62 0 0 0 0 0 137 0 0 0 0 0 0 3 38 148 47 98 110 0 197 0 21 0 14 0 56 0 0 80 0 0 134 22 0 0 131 0 76 0 182 0 10 0 120 0 142 37 0 5 179 149 139 0 0 115 0 0 52 167 0 0 0 0 40 135 75 49 0 0 0 185 44 0 18 77 7
127 81 33 39 0 0 53 0 0 0 0 0 94 112 0 128 54 0 142 142 70 108 0 117 193 0 0 67 0 51 115 77 0 0 150 109 199 0 16 0 141 55 0 103 0 0 62 0 0 0 0 110 56 164 39 0 0 82 51 26 163 38 26 124 0 77 0 0 19 25 62 195 0 63 70 7 42 0 0 177 76 0 0 15 0 0 73 0 156 0 0 102 115 0 166 0 0 0 19 0
0 152 168 115 0 12 107 0 0 0 0 0 174 0 0 0 164 0 0 167 4 101 0 0 0 0 0 0 142 0 0 0 0 64 0 115 168 0 169 134 14 14 187 98 0 0 43 113 168 22 2 55 60 0 0 161 0 0 0 22 167 150 0 0 89 138 0 118 110 194 161 0 0 0 0 0 83 0 109 82 104 0 134 41 0 80 130 81 74 168 111 0 0 79 159 40 172 51 0 127
101 0 174 91 19 0 0 0 0 101 0 0 0 0 0 180 0 192 15 0 199 63 119 91 98 0 0 109 0 0 190 159 196 76 0 168 41 0 35 46 74 0 0 98 56 0 0 0 180 0 0 49 0 80 0 88 0 68 187 0 141 182 139 141 0 79 0 0 0 0 185 0 0 134 0 18 189 0 43 196 0 82 84 0 159 0 63 18 162 178 0 0 167 0 146 120 0 0 0 0
0 0 0 156 0 162 0 92 12 0 104 0 0 0 7 103 0 113 130 0 0 105 36 0 136 0 47 178 0 0 0 0 180 0 143 20 0 107 33 0 15 116 40 0 104 0 40 50 0 116 0 178 164 168 0 12 45 0 0 104 27 0 0 164 1 166 0 0 23 0 0 108 0 178 0 148 0 53 0 0 112 174 159 133 0 167 0 0 0 0 121 121 0 197 110 132 71 0 133 0
0 67 71 0 0 4 0 0 0 187 194 132 69 1 0 179 0 128 69 139 133 0 87 102 0 54 76 0 0 98 0 0 26 93 0 148 0 0 0 0 0 0 0 0 0 196 0 0 93 0 128 0 0 0 0 30 0 74 0 0 0 73 0 36 143 0 0 0 0 0 0 0 0 148 0 0 109 176 51 118 127 0 0 112 81 0 192 124 0 0 0 0 57 2 49 61 180 0 0 31
0 103 116 41 0 0 125 114 122 0 0 22 0 0 150 0 64 0 66 179 165 0 0 0 181 183 20 0 0 0 33 0 0 37 0 49 0 27 147 0 54 0 0 140 0 0 0 0 0 35 65 110 0 0 0 123 30 61 0 139 26 0 0 0 0 144 191 0 138 0 0 24 34 5 84 57 0 0 172 0 0 0 150 110 0 198 0 132 10 144 0 0 140 191 138 58 0 115 0 163
123 111 0 0 70 0 0 169 62 0 0 0 0 59 0 119 0 117 0 0 131 155 0 0 97 136 119 155 0 127 123 0 1 0 82 0 0 0 0 143 109 51 7 0 88 0 0 156 4 65 0 165 0 0 0 0 111 0 0 124 0 0 149 0 0 0 102 0 167 0 95 122 0 0 0 186 8 7 98 0 69 143 39 8 54 153 161 0 189 0 97 166 0 0 1 0 0 32 0 0
104 62 0 0 24 85 0 118 0 0 0 0 0 77 47 155 0 149 0 0 10 124 27 0 0 184 0 26 37 0 0 0 122 123 0 0 56 65 0 199 173 152 117 77 44 112 0 0 150 0 0 167 0 2 0 0 0 165 0 49 117 0 0 35 0 0 26 33 171 158 0 122 192 50 152 0 0 190 0 0 0 159 138 84 31 184 0 78 0 0 0 0 55 0 113 0 0 0 176 0
166 28 91 0 0 89 81 0 0 0 78 0 0 0 3 18 168 153 148 0 195 86 0 0 0 0 0 125 89 0 0 193 0 0 0 0 0 0 0 115 129 130 0 173 0 0 135 0 0 139 180 20 44 0 0 128 0 0 0 41 0 1 0 0 154 43 0 0 75 0 189 0 0 0 38 0 17 0 0 0 98 0 47 0 0 74 0 74 23 168 0 0 97 80 14 0 0 0 0 0
166 81 0 0 0 0 0 167 131 144 116 153 52 0 192 36 0 191 0 9 10 0 0 0 0 0 0 0 38 0 0 0 0 142 133 0 155 0 78 0 45 19 0 41 0 0 138 112 0 112 24 0 78 2 111 0 91 0 23 107 0 160 0 0 124 0 0 0 0 118 0 170 0 0 0 0 0 0 0 67 0 0 0 101 0 0 34 0 0 196 0 0 0 107 187 0 0 0 57 133
0 0 94 0 0 0 0 0 0 4 73 195 24 36 0 37 0 57 0 0 0 36 0 0 73 0 184 0 84 177 50 0 105 0 16 0 0 3 162 0 0 33 0 0 2 0 0 138 0 0 0 48 0 107 107 98 0 0 0 0 162 84 0 0 0 26 0 0 0 98 156 199 0 0 0 0 0 0 52 195 102 0 0 156 98 122 195 179 186 0 164 40 0 197 163 0 0 0 0 24
0 0 31 15 0 3 0 40 0 0 0 0 0 0 59 115 0 12 0 148 29 83 27 23 143 8 74 22 0 64 0 10 53 140 0 0 0 162 41 0 23 0 0 0 141 0 130 5 150 0 0 128 0 53 0 0 28 0 0 136 0 0 0 26 69 0 0 0 96 0 0 193 126 0 0 0 0 0 0 0 0 0 41 54 0 79 94 117 121 27 32 173 82 0 0 0 0 0 0 0
139 0 18 154 23 134 47 111 92 0 0 37 99 182 0 151 0 0 0 186 34 0 39 0 152 25 0 0 126 0 0 147 0 34 0 176 106 30 105 0 0 0 0 0 129 177 34 0 89 119 0 0 151 0 0 84 182 0 0 0 0 0 0 0 0 0 154 46 0 0 0 184 0 59 0 153 59 0 92 0 0 0 65 91 0 0 82 98 122 10 152 172 0 190 0 0 0 123 60 111
0 102 78 0 0 143 71 102 0 0 0 84 0 109 0 0 89 0 0 0 91 0 2 0 0 0 0 71 0 17 0 131 129 0 153 26 0 0 0 0 0 0 55 0 0 0 183 0 99 0 0 0 0 0 0 170 0 166 162 38 147 19 0 0 0 0 0 0 0 153 10 101 126 0 0 0 32 46 138 0 150 117 153 0 0 0 29 75 108 0 0 13 149 79 0 4 0 76 0 87
94 65 169 116 0 0 118 0 0 35 6 0 0 0 73 25 63 0 0 0 166 79 140 0 0 99 0 0 11 64 0 0 0 0 0 109 0 101 0 110 117 0 13 45 138 0 143 0 157 64 61 23 0 0 28 0 190 0 170 0 56 177 0 4 80 127 0 0 0 120 0 31 149 94 13 70 0 38 0 143 0 184 0 87 0 56 0 0 174 2 0 89 0 58 181 70 0 0 127 28
0 0 104 0 0 56 0 124 14 0 137 111 189 0 0 0 0 134 147 0 0 0 99 125 0 0 0 163 0 63 151 125 0 30 159 0 177 62 55 0 0 0 133 0 0 0 0 184 0 70 0 155 0 0 0 0 26 176 101 0 149 103 0 151 0 9 0 0 176 0 59 0 111 18 64 0 0 193 0 79 149 68 197 135 102 0 149 0 0 0 0 0 148 0 63 185 0 193 45 172
0 199 69 0 152 50 0 98 124 23 194 0 174 42 172 0 178 0 74 94 0 172 0 182 174 163 0 0 116 13 116 0 172 0 59 104 0 52 0 94 194 0 0 0 0 40 0 133 53 151 0 0 52 0 0 93 0 0 35 0 7 0 166 114 0 0 27 0 172 53 0 0 0 178 0 0 32 148 66 120 96 114 70 73 142 0 178 0 108 161 45 0 198 111 43 0 156 0 0 0
199 0 116 0 23 49 33 143 0 0 165 108 122 0 0 0 0 0 115 173 184 0 0 171 0 0 173 75 179 0 72 0 0 28 0 7 167 90 42 0 0 113 0 0 87 0 0 100 0 0 50 0 72 0 0 8 49 0 0 78 0 77 0 0 0 85 32 112 74 179 0 0 0 0 135 0 77 81 0 79 0 0 172 0 0 128 33 57 0 0 35 0 0 149 63 0 0 0 125 0
78 27 0 197 0 129 0 180 59 132 0 10 122 0 0 163 53 0 0 0 159 60 117 153 10 0 0 48 0 26 9 68 0 4 53 0 91 0 35 179 0 39 49 199 0 108 0 89 1 0 24 0 16 50 57 24 20 116 126 0 0 59 100 101 186 0 99 186 0 0 106 81 0 28 122 197 0 193 0 94 153 103 45 19 155 0 0 5 145 0 120 28 11 0 0 164 155 0 0 186
0 171 136 173 8 52 0 0 0 59 0 0 0 0 0 0 93 0 144 41 0 26 0 0 0 172 172 0 158 0 48 0 0 0 62 0 0 0 114 15 188 0 21 124 0 0 14 142 0 107 198 0 93 0 0 0 31 0 149 0 19 20 193 0 12 0 180 53 115 25 133 0 58 118 0 0 0 179 0 78 0 101 145 0 0 0 0 36 9 51 0 151 0 8 0 0 55 159 0 0
74 0 0 33 31 0 101 185 0 0 0 121 61 0 0 127 0 0 0 0 156 0 141 0 167 0 89 132 0 109 0 0 120 0 0 0 0 0 81 25 0 113 0 0 0 0 0 112 59 0 0 24 94 0 0 115 0 0 188 114 199 126 47 174 175 194 165 0 0 0 0 145 192 0 174 111 0 0 159 170 134 0 0 82 0 124 78 0 0 0 0 0 170 55 0 32 0 0 0 0
0 38 98 155 0 0 121 22 0 59 77 0 0 0 113 0 128 0 89 55 0 38 28 151 80 0 58 0 62 180 0 118 103 127 3 0 65 180 0 198 123 140 56 86 0 65 26 0 181 151 0 0 81 39 44 16 97 75 161 0 0 185 0 147 43 0 180 156 0 0 0 91 0 0 55 0 0 198 0 0 89 0 0 140 44 0 128 57 5 146 133 0 0 0 185 0 146 19 196 56
95 168 0 98 129 0 0 0 0 0 0 0 10 0 94 0 0 102 12 0 79 73 199 32 0 0 151 166 0 0 150 116 38 0 0 159 0 31 19 0 119 0 0 160 122 0 0 0 119 105 0 0 6 0 0 0 166 109 58 0 0 188 0 0 115 0 43 0 0 0 102 115 0 35 63 92 60 0 126 0 0 0 0 0 0 0 0 0 0 0 57 94 0 0 0 106 0 168 157 11
0 14 0 93 188 70 89 91 143 0 12 62 46 0 163 162 36 0 0 0 140 0 14 69 0 42 0 156 187 55 28 86 6 0 182 0 0 0 180 0 0 78 28 0 190 0 0 47 6 41 101 169 0 51 119 134 0 22 134 0 140 0 35 90 0 0 91 186 11 0 0 0 0 176 159 0 0 0 0 76 0 151 129 0 0 184 0 76 142 184 0 0 179 0 0 0 0 0 47 0
136 0 130 128 74 79 129 194 2 85 83 0 68 0 177 43 0 0 0 31 0 0 0 0 0 0 0 0 0 85 0 0 0 32 14 0 0 0 0 83 0 0 0 179 0 78 0 147 17 0 0 78 121 190 0 0 199 196 63 0 0 0 0 157 160 28 0 152 0 178 129 0 0 0 0 85 0 92 119 0 152 68 131 0 0 3 0 118 0 0 63 178 0 0 163 0 0 188 69 0
127 0 0 0 151 0 101 0 0 0 103 0 55 0 0 0 89 0 0 0 188 0 0 74 86 0 0 0 0 0 120 0 0 49 129 0 126 77 140 83 0 0 0 0 0 189 0 0 0 181 107 51 0 42 183 63 121 131 0 0 55 0 0 130 0 0 189 181 0 70 192 173 0 0 0 0 0 0 0 0 80 0 90 0 177 0 0 139 0 0 194 88 0 72 0 0 0 11 0 0
0 74 128 0 0 0 0 0 108 0 0 124 163 138 0 72 78 0 53 29 0 144 62 0 0 0 0 107 0 185 34 87 0 0 0 128 0 92 0 126 0 33 0 0 0 103 0 82 0 0 0 142 28 0 135 0 193 169 34 134 169 0 0 56 0 41 0 184 0 0 0 21 11 102 168 84 0 169 0 167 152 0 0 0 29 102 63 55 99 0 108 176 136 6 106 0 45 0 0 156
0 132 0 129 0 118 183 9 0 149 0 191 106 0 0 148 19 0 21 85 0 0 131 0 67 84 13 0 113 188 40 0 23 0 0 0 191 0 0 0 92 126 0 17 0 67 0 0 0 0 0 0 186 0 94 0 0 0 78 141 56 0 78 0 2 36 13 86 0 183 110 197 129 166 0 0 102 102 198 0 0 0 0 0 0 0 156 117 0 0 0 33 45 0 76 123 141 0 125 0
96 0 12 0 0 0 51 0 0 0 0 0 92 7 0 77 6 0 132 88 89 145 0 102 0 0 0 0 0 0 167 0 147 0 0 174 0 0 199 3 193 190 140 0 0 0 92 125 0 0 9 0 14 0 48 139 0 0 0 0 0 0 0 0 0 17 0 0 117 187 135 0 0 0 132 52 8 142 149 28 0 0 58 123 0 135 0 0 0 152 0 0 197 0 63 39 0 0 0 0
16 0 0 66 0 100 160 140 73 141 21 0 0 70 163 0 181 0 0 141 123 0 97 186 0 0 143 115 0 0 0 0 0 79 0 0 64 151 0 72 0 0 75 112 0 85 0 0 67 0 0 36 0 0 0 71 0 0 0 0 8 0 0 0 57 0 37 0 0 0 68 9 0 144 196 0 133 0 69 28 0 0 0 0 178 0 31 178 0 68 5 42 170 0 0 5 117 0 0 59
124 0 108 0 0 0 192 0 0 0 0 0 0 0 105 182 103 0 151 0 0 42 0 0 109 0 0 0 0 28 0 0 0 57 0 0 0 129 0 0 0 0 115 189 126 0 0 0 0 44 0 167 35 0 157 0 151 0 46 0 178 0 0 0 122 0 50 72 132 151 0 0 63 146 121 0 0 144 84 5 21 0 0 0 0 151 0 0 198 93 0 0 184 0 0 131 0 0 0 0
0 182 0 0 0 150 0 0 94 0 0 0 0 0 0 0 0 0 0 0 0 0 161 0 40 0 142 58 128 0 111 69 0 75 28 108 52 100 168 0 0 162 75 143 0 87 170 0 0 0 0 48 131 0 0 161 0 184 92 190 0 87 190 134 26 0 0 123 0 41 0 162 150 0 170 122 56 0 146 195 156 0 83 27 0 0 0 123 0 0 41 0 123 0 53 0 0 0 0 0
0 0 16 172 0 152 11 0 0 0 0 190 44 134 19 58 0 0 0 0 0 80 0 0 180 0 0 20 0 32 0 0 0 197 0 58 96 122 0 0 14 0 0 0 0 100 0 24 0 0 0 0 0 110 0 0 123 0 0 102 0 26 33 131 61 0 165 0 47 0 77 0 0 124 71 83 108 99 82 26 147 137 37 0 60 43 149 119 0 51 0 0 127 0 182 0 135 66 75 148
0 0 0 0 0 0 0 0 61 0 80 4 54 35 196 25 0 81 124 0 163 0 0 0 98 0 98 153 0 158 14 160 0 0 0 51 0 33 0 47 72 0 91 0 0 0 49 42 146 0 0 44 0 0 0 155 0 0 0 0 154 0 0 120 170 0 0 0 0 0 0 0 153 36 6 38 0 0 0 130 0 0 4 68 39 0 0 0 0 0 154 161 106 3 147 0 193 0 88 0
66 0 159 0 53 0 0 0 0 0 171 0 0 21 0 0 86 179 0 0 126 0 25 192 180 0 34 0 0 0 0 0 106 136 30 39 0 0 0 0 0 0 32 156 0 0 135 0 79 0 0 0 0 46 119 68 0 0 142 10 0 0 86 0 0 77 0 0 195 0 104 108 102 0 93 0 193 0 124 4 123 0 0 121 0 0 59 177 29 118 130 161 57 0 38 142 194 199 27 15
56 133 0 0 27 0 0 0 0 0 101 0 171 0 0 121 27 143 0 133 0 40 0 0 14 84 129 0 0 51 0 47 180 68 105 86 143 23 0 106 51 81 0 0 0 5 0 0 70 0 156 0 0 0 76 114 0 0 196 109 0 102 76 69 132 98 93 0 104 86 22 0 99 0 37 0 50 119 0 113 31 0 194 0 84 0 179 0 0 0 0 0 92 0 128 0 0 0 0 99
104 82 42 0 0 0 164 0 0 0 0 190 63 0 88 96 43 0 0 0 38 62 121 119 0 0 163 0 23 117 0 0 0 27 121 174 27 0 0 155 172 111 0 0 0 181 0 186 15 0 79 0 185 0 50 0 0 162 0 0 47 186 102 190 66 0 93 167 30 154 26 168 0 120 0 0 0 0 69 49 164 104 33 165 165 102 0 0 44 28 46 3 80 104 43 194 54 0 3 0
52 0 0 168 0 51 126 193 0 0 143 18 0 0 0 108 0 87 0 0 70 149 0 0 184 0 0 25 23 197 0 0 110 185 0 0 169 179 0 78 103 0 32 37 199 49 151 168 0 0 0 82 0 0 0 23 75 0 0 150 172 134 67 159 23 0 163 0 78 0 0 151 0 88 3 0 70 45 0 191 62 114 167 42 0 67 0 0 148 0 0 23 0 133 0 64 0 0 0 10
187 0 0 25 0 51 0 178 0 0 165 131 0 73 0 47 9 0 0 182 0 35 193 0 47 0 0 0 0 28 0 169 0 0 0 69 144 0 0 0 128 0 0 0 0 170 0 0 0 0 4 0 0 26 188 0 0 88 7 0 0 185 0 0 0 171 155 0 87 0 7 71 0 111 22 14 71 0 0 0 57 136 11 0 78 148 1 62 0 16 0 0 10 110 69 0 0 0 60 18
80 121 0 2 0 0 0 0 114 24 0 0 0 172 0 56 0 0 64 110 2 60 0 150 0 168 185 54 181 174 124 77 0 0 0 54 181 57 0 197 79 0 149 0 95 0 54 0 159 0 29 0 104 47 0 130 0 0 0 171 123 12 0 0 0 83 95 91 25 180 0 151 45 0 136 71 0 94 158 0 0 22 0 190 11 0 34 0 22 171 0 0 0 0 101 181 0 0 0 115
43 157 0 0 0 24 0 0 177 0 0 158 189 196 108 109 0 42 89 35 85 0 0 164 164 0 47 6 75 0 0 85 0 0 21 0 0 0 0 31 38 0 120 184 167 0 0 184 0 0 49 11 109 44 0 142 43 0 118 0 157 29 0 0 0 95 13 0 24 66 149 0 197 181 20 173 154 75 0 0 0 0 153 116 0 0 173 0 75 57 150 178 196 0 0 163 94 8 127 0
0 0 167 57 49 0 0 130 0 53 0 0 0 122 0 0 0 0 128 97 0 40 68 0 165 106 74 0 169 0 0 55 0 10 103 112 0 180 0 0 0 77 0 0 163 0 0 0 0 0 138 40 156 166 137 151 0 0 0 130 0 0 24 39 19 0 0 0 0 144 0 18 0 55 168 141 144 74 44 49 0 89 0 40 0 88 135 0 174 0 0 0 0 90 0 150 0 0 0 0
197 45 0 0 6 0 0 35 136 0 44 0 0 0 150 17 6 0 197 0 0 81 152 104 0 9 0 0 148 0 116 0 0 0 0 0 0 140 0 119 37 83 183 79 0 65 123 0 0 47 0 182 73 0 0 0 0 0 0 0 0 0 177 0 163 0 68 0 20 0 0 0 145 0 162 0 0 0 0 0 0 0 0 0 85 162 173 0 83 168 0 43 0 40 40 0 0 0 69 169
0 0 90 178 0 156 0 118 0 23 0 12 0 0 0 0 0 0 68 0 0 0 0 2 0 0 86 0 161 131 0 144 17 46 152 131 169 0 0 0 0 0 0 0 0 107 132 0 186 152 0 0 0 0 10 3 84 0 14 92 0 70 0 40 0 21 168 0 0 0 0 0 0 142 89 0 40 112 0 87 0 0 0 0 0 0 108 64 0 124 0 185 0 0 187 145 196 0 0 0
106 151 0 55 0 0 193 0 37 0 0 36 170 0 0 0 111 157 128 0 0 0 178 175 181 41 0 82 169 90 57 21 180 183 0 193 176 0 0 181 0 0 0 0 42 186 56 0 153 0 23 152 170 7 171 0 0 180 0 122 0 0 83 121 123 0 0 92 116 0 101 0 20 18 22 67 0 0 4 71 148 62 0 69 190 0 0 59 117 0 0 187 0 0 170 20 83 132 70 116
2 0 0 0 0 0 78 0 91 20 0 0 123 0 0 0 116 0 103 101 0 0 54 34 0 58 81 46 0 25 0 0 13 0 102 0 0 0 10 182 37 61 69 0 126 0 0 0 125 0 0 0 0 0 10 0 75 18 0 42 0 0 0 0 59 89 65 127 144 73 146 0 0 0 0 22 0 0 0 0 172 88 0 0 102 0 0 0 0 0 137 121 0 131 0 0 0 0 0 115
0 0 60 0 0 97 39 114 111 0 0 62 179 0 0 0 0 32 159 0 0 61 174 0 162 129 76 0 87 123 0 128 63 66 137 55 25 199 30 48 141 0 0 155 128 135 72 0 90 139 140 0 0 21 0 0 147 165 0 0 21 175 161 0 0 86 89 134 0 53 0 0 28 0 0 1 74 0 21 189 131 0 0 165 73 44 86 0 0 97 127 9 88 0 73 0 0 0 0 0
0 0 36 80 0 176 84 0 98 7 65 27 31 0 0 0 0 45 0 82 0 85 37 108 98 136 98 0 148 0 115 0 0 121 147 161 0 80 149 0 0 0 0 143 0 99 0 0 0 0 0 0 21 11 86 74 77 0 88 0 0 20 79 0 0 196 46 0 0 0 116 41 0 191 0 0 0 190 110 48 106 192 30 125 0 0 0 0 134 53 74 197 152 0 42 166 133 1 77 121
0 190 67 0 0 0 0 0 0 103 0 167 0 0 119 172 0 0 0 0 185 119 0 109 0 0 0 137 174 0 0 0 79 36 55 0 34 102 0 0 118 177 6 5 0 0 0 0 0 0 117 157 0 0 0 24 85 0 70 0 197 0 0 8 56 0 0 178 187 178 0 0 196 0 174 0 169 105 150 16 0 33 0 101 0 0 0 125 0 0 0 146 0 170 147 136 159 0 0 127
0 70 84 0 0 0 0 0 0 0 78 58 0 0 137 0 9 0 112 0 0 139 101 0 19 150 159 164 0 42 0 183 181 173 106 195 109 0 104 176 144 63 0 187 123 0 18 0 134 0 0 85 159 0 0 58 0 125 44 150 0 0 0 0 197 62 0 0 0 0 54 0 2 0 138 143 2 72 0 110 0 0 159 0 192 0 45 0 88 135 0 0 0 0 33 0 0 161 176 0
69 107 0 0 0 189 63 0 90 65 126 0 0 177 62 75 68 44 14 0 49 0 184 91 115 0 77 138 171 51 118 0 149 0 0 102 72 132 0 0 0 0 0 18 71 0 58 0 0 154 91 0 193 0 23 0 0 0 14 0 27 70 0 0 170 77 0 0 162 46 0 142 173 0 134 0 154 0 0 63 191 0 195 181 148 54 66 59 51 165 76 0 12 21 196 85 48 97 19 134
0 0 0 0 0 0 136 0 0 0 0 178 61 0 55 67 159 0 0 48 24 0 0 0 0 129 0 0 12 0 92 0 1 0 127 34 54 98 186 153 0 0 0 148 184 0 0 137 62 172 169 40 177 57 0 0 34 41 0 0 0 0 0 34 0 36 0 0 0 108 0 28 143 0 8 0 0 0 0 0 0 134 0 0 0 0 0 0 12 0 0 0 47 36 98 8 0 73 127 0
0 53 117 0 17 61 27 34 0 11 0 35 81 0 140 0 0 0 118 0 0 0 158 10 0 48 184 136 100 0 0 0 0 0 0 0 0 0 123 0 15 0 15 0 147 0 179 0 0 56 97 111 7 0 0 20 39 0 1 84 0 0 191 71 60 0 4 116 0 0 192 0 0 0 190 106 0 0 186 0 0 48 150 57 0 163 0 0 0 26 0 0 70 160 19 90 0 0 0 0
197 0 6 0 117 0 0 69 197 157 0 79 0 177 54 127 0 118 154 0 94 21 0 0 0 44 178 138 199 0 0 86 188 125 0 0 0 0 0 32 0 198 76 0 0 75 58 148 0 1 0 0 94 135 77 41 166 14 0 0 16 0 73 0 0 0 72 42 194 0 0 138 0 0 173 166 112 0 3 188 0 77 183 170 65 0 123 120 0 0 21 115 0 0 14 0 0 0 80 0
97 0 167 149 0 0 48 33 104 42 0 8 0 85 0 0 0 0 0 0 0 39 0 187 51 0 0 0 0 111 0 176 69 185 145 14 95 0 0 0 115 187 18 0 0 60 74 196 18 108 0 47 139 0 58 0 157 0 0 0 0 12 27 0 99 174 192 17 181 0 0 0 131 0 67 0 8 102 16 196 173 0 71 2 109 0 164 145 127 176 109 27 0 0 26 39 0 0 0 76
0 65 0 141 0 100 0 159 0 83 70 26 0 174 0 35 171 0 177 103 0 81 159 0 34 0 0 47 0 73 0 0 0 193 83 0 25 0 0 0 0 0 166 0 0 0 31 36 0 175 187 0 0 0 0 0 0 0 0 0 0 100 0 0 0 187 46 28 188 168 0 5 0 179 135 59 10 126 172 119 0 178 0 57 0 0 0 0 56 0 198 98 0 106 149 158 0 0 84 183
38 0 0 0 32 0 78 0 0 0 0 103 159 99 0 0 0 0 67 9 128 173 0 0 0 0 76 0 109 22 0 90 0 131 55 0 76 0 1 68 0 0 38 0 81 0 0 0 0 14 0 110 130 104 0 0 0 0 124 0 86 0 0 0 0 0 0 21 0 0 150 0 75 0 0 0 0 132 121 0 0 44 0 0 174 0 146 0 0 163 0 24 40 104 0 0 195 0 30 106
0 160 180 68 0 0 146 108 199 0 0 69 0 0 0 99 166 0 0 0 160 0 0 0 65 127 161 0 40 0 79 0 170 27 0 63 106 152 0 0 0 32 0 0 0 0 0 38 141 0 157 185 0 39 0 50 169 10 183 0 0 28 0 0 178 0 61 72 0 0 177 98 0 0 0 0 118 0 59 175 0 0 186 37 80 0 0 0 117 70 179 20 0 0 11 121 0 117 188 0
0 191 43 121 0 0 102 106 44 46 0 78 0 64 114 0 0 114 129 0 0 0 96 81 193 7 0 0 0 0 0 94 0 104 140 123 0 0 0 182 174 0 147 0 51 0 0 15 0 94 47 81 0 177 170 76 111 8 118 192 152 42 7 197 43 159 0 0 69 0 74 52 118 119 193 0 0 0 0 0 106 55 0 0 161 99 126 36 145 20 0 80 42 148 0 0 44 0 67 0
166 0 0 70 0 5 0 158 0 76 156 0 0 48 0 0 0 0 0 0 116 0 22 84 0 0 57 0 0 169 0 0 127 0 122 0 0 147 0 0 72 0 0 14 146 0 0 0 33 61 106 28 146 85 11 30 191 0 0 0 167 0 138 156 0 0 35 107 0 196 0 91 143 0 0 168 0 0 0 173 0 0 0 51 0 0 68 0 0 0 68 0 149 199 25 50 0 161 116 0
0 0 81 0 0 0 196 0 0 0 156 0 0 13 0 0 81 74 166 0 0 0 13 0 0 140 0 0 145 115 0 0 0 78 0 195 137 126 191 0 63 0 167 192 96 181 0 0 7 77 85 0 121 0 0 7 16 0 28 38 0 20 0 129 46 174 0 0 0 195 142 119 194 94 66 0 143 0 141 137 119 0 0 84 0 0 49 0 0 35 160 0 0 53 92 146 96 0 69 54
0 0 0 0 0 0 53 0 0 141 131 67 0 0 101 0 0 54 154 0 0 0 0 0 95 45 105 0 0 157 0 0 0 127 0 0 0 181 0 85 0 125 34 100 0 0 0 0 0 128 0 112 42 0 197 154 115 28 54 69 0 25 69 0 0 103 0 0 0 1 71 194 8 0 154 5 0 0 0 0 32 189 0 180 1 131 166 0 0 20 0 0 0 111 0 182 38 0 0 129
0 0 135 0 74 0 0 0 86 0 186 43 8 0 0 87 0 0 0 0 0 0 72 96 0 65 55 0 154 0 0 71 30 0 101 104 0 173 55 0 1 0 107 1 157 113 50 0 0 100 0 0 0 63 0 2 0 0 13 172 0 0 0 128 176 127 107 158 0 0 0 0 169 108 53 36 23 150 129 0 102 0 0 44 29 0 0 0 0 0 0 51 44 0 85 0 143 0 0 0
0 188 0 129 137 51 129 187 199 147 0 153 0 185 0 152 0 0 145 196 162 129 178 0 157 0 0 119 155 99 0 0 37 42 0 45 65 128 0 0 0 0 0 0 145 0 34 0 0 155 108 0 192 123 0 191 0 19 175 0 0 0 0 0 0 132 0 0 133 171 23 0 30 0 0 90 110 199 0 95 0 0 0 39 0 3 0 0 0 0 174 21 0 0 151 0 0 0 0 14
0 52 83 0 166 0 0 0 33 144 157 0 0 0 170 173 0 3 0 0 30 0 82 0 0 0 96 0 170 0 46 76 107 16 0 182 0 188 0 0 0 0 9 47 0 128 17 18 0 0 0 0 0 0 77 25 136 16 0 90 31 33 0 0 0 196 0 0 151 89 87 0 0 110 0 0 0 0 81 71 0 0 0 0 0 0 183 0 0 0 150 67 0 0 17 193 141 80 166 0
0 5 0 0 0 139 0 0 0 156 0 0 145 193 12 189 52 0 0 0 14 63 92 0 194 0 0 0 0 0 0 0 64 0 0 119 0 0 15 143 117 12 8 0 182 0 124 130 0 186 0 137 197 0 0 0 0 108 35 70 64 118 0 65 111 0 99 0 57 0 8 0 0 0 107 0 185 3 0 0 0 178 0 16 0 0 65 0 0 0 0 63 12 0 153 112 193 4 0 0
55 67 0 0 0 0 168 67 0 108 0 129 0 0 0 87 185 0 102 14 0 58 128 181 0 0 104 95 50 169 0 168 0 132 0 6 43 0 191 0 0 65 88 0 16 143 0 47 184 24 0 134 41 101 112 0 172 0 199 33 0 0 0 0 185 85 0 140 0 175 0 171 0 0 140 151 0 0 61 0 0 16 40 0 0 0 43 0 0 0 0 37 17 137 0 0 183 115 50 103
0 0 91 104 0 169 28 0 141 0 136 0 0 0 0 56 53 0 163 67 0 0 0 48 0 97 102 0 0 101 56 166 0 0 0 0 83 0 0 64 151 17 181 0 103 0 0 0 102 186 0 0 0 0 0 0 0 0 85 0 58 179 20 0 0 0 89 0 0 0 155 0 179 127 157 0 105 147 82 84 0 66 131 0 0 195 37 0 0 0 16 170 43 0 0 0 66 36 190 0
0 1 0 0 88 74 0 0 0 130 167 187 0 46 0 0 0 30 0 0 169 0 163 56 0 31 149 33 3 197 138 0 0 0 0 0 69 60 191 0 0 150 0 115 112 0 170 9 0 0 99 198 129 0 0 0 37 100 0 88 0 0 118 199 43 33 152 0 0 29 0 0 0 145 178 0 153 138 0 0 0 82 138 190 0 0 59 0 0 40 84 77 0 0 0 119 0 154 0 82
0 0 0 155 0 0 0 30 150 0 0 137 193 100 0 0 39 0 194 160 64 198 0 0 19 115 0 62 181 0 62 0 43 0 177 0 146 0 160 0 28 0 0 0 0 179 92 31 0 0 0 161 131 40 0 104 191 0 0 0 127 16 134 0 0 0 0 5 119 143 125 170 149 0 0 171 0 0 0 0 132 0 82 0 0 83 0 0 0 0 54 129 0 0 43 162 0 0 0 0
138 25 0 0 184 0 11 0 15 168 105 0 0 48 125 0 47 0 0 185 34 91 199 0 107 0 104 0 119 62 52 0 0 0 55 15 0 119 0 94 0 0 0 6 40 14 0 0 0 90 0 194 110 63 0 100 0 0 164 0 150 12 14 51 0 0 0 8 121 127 0 0 105 177 18 0 0 0 0 44 180 148 50 0 6 0 0 0 0 0 142 42 135 0 69 162 134 0 0 0
0 0 0 0 188 0 73 180 0 10 0 0 175 111 0 43 58 0 0 0 0 0 62 161 168 121 0 50 153 166 0 32 131 163 0 0 0 133 0 171 90 178 46 0 0 0 0 0 0 31 199 154 81 0 0 0 0 134 13 0 13 60 0 162 194 0 0 0 122 75 0 0 0 192 0 181 0 0 116 147 119 2 155 0 0 87 54 74 0 0 170 0 0 78 0 90 188 0 0 0
0 13 0 0 84 121 0 0 0 0 0 0 0 189 62 142 0 0 0 9 0 106 27 0 0 123 197 0 68 0 0 196 126 0 125 0 189 0 52 30 130 102 0 61 0 99 164 60 63 0 0 37 110 65 18 0 163 0 0 66 16 117 0 164 0 0 0 49 54 193 0 0 0 0 0 0 74 0 0 93 0 84 0 0 0 104 0 17 0 0 0 137 156 25 0 102 0 0 0 95
69 0 0 106 11 0 103 0 193 0 0 84 0 99 0 193 0 63 0 150 0 0 106 146 17 140 14 0 89 0 0 0 0 62 140 113 0 0 0 156 42 46 85 0 6 0 46 157 0 186 0 168 0 0 0 0 0 161 0 0 51 0 191 113 107 0 107 110 90 0 0 0 0 38 0 0 0 0 13 0 155 0 37 58 115 94 0 37 0 0 0 0 0 153 0 0 127 87 151 0
0 106 101 0 0 171 0 94 0 0 0 46 0 0 0 0 0 43 0 0 0 179 0 0 0 0 146 0 0 168 160 60 0 0 0 0 0 0 47 13 0 0 0 109 0 97 0 79 109 0 0 28 0 0 0 0 0 0 0 0 0 28 193 140 24 0 0 0 114 0 0 0 0 0 134 0 0 117 30 56 136 0 188 119 0 123 0 2 85 180 17 0 0 199 135 187 26 102 87 0
169 125 58 8 0 60 0 0 136 112 0 0 117 0 0 70 0 91 0 0 131 0 0 103 0 185 0 161 94 0 131 191 54 0 0 78 72 35 0 0 33 169 176 126 0 34 0 0 0 0 0 152 99 0 164 0 139 0 142 0 12 19 0 175 169 0 0 127 0 0 0 15 20 0 171 0 0 20 161 197 0 0 0 45 192 19 0 0 0 97 0 179 0 0 0 0 0 0 0 149
0 0 103 113 0 45 140 0 0 63 0 54 44 0 20 73 102 19 115 130 0 65 0 35 35 187 48 49 10 69 80 0 183 0 77 0 40 0 0 74 137 39 0 102 0 130 0 0 39 40 0 151 191 0 44 0 193 0 92 0 0 0 128 0 75 51 62 152 0 143 78 12 0 0 0 0 90 0 160 0 110 156 0 182 93 0 0 0 170 0 0 105 158 0 105 67 108 0 49 38
88 157 0 197 0 0 146 65 0 193 0 116 92 118 155 22 171 182 180 44 0 57 161 0 147 34 108 0 0 20 0 116 124 2 151 156 0 0 0 193 182 0 41 30 150 0 0 0 0 0 0 0 135 0 0 79 0 9 0 114 0 0 65 0 119 152 0 189 67 172 0 0 78 29 146 92 0 0 0 0 73 0 0 0 194 0 0 0 0 0 0 0 45 5 0 9 0 0 0 49
3 29 161 0 0 123 143 62 106 0 74 153 56 0 0 182 191 0 0 0 0 0 107 52 22 171 108 0 0 16 81 89 140 66 0 0 0 41 0 117 14 0 118 0 0 133 104 138 70 92 0 0 0 26 0 93 0 0 53 190 151 33 23 0 0 73 164 182 82 0 98 0 192 0 46 0 157 0 80 0 0 0 0 0 0 0 0 154 190 50 155 53 0 0 0 0 199 122 26 38
66 0 0 68 0 61 19 0 146 31 102 4 0 0 101 6 0 162 0 0 0 0 152 0 170 123 74 0 65 145 70 0 0 0 0 193 87 141 157 0 193 160 0 0 13 183 0 0 0 0 0 0 0 0 63 0 110 0 29 0 86 54 0 116 21 0 132 19 9 0 113 158 0 1 0 0 147 0 0 0 0 108 0 0 169 106 43 72 21 0 0 46 0 125 107 60 0 75 0 10
164 158 161 119 87 29 113 108 0 0 106 0 0 20 0 0 40 0 0 0 0 0 126 0 0 0 79 124 0 47 0 0 176 0 0 30 0 29 0 0 7 0 119 0 145 0 167 0 0 51 43 179 0 102 0 159 0 146 186 34 35 41 100 181 51 0 70 0 0 0 72 82 0 0 0 0 125 0 0 0 0 0 0 0 0 0 75 142 39 69 126 180 0 102 166 157 24 0 163 195
0 0 21 0 0 0 55 0 186 0 0 0 142 0 0 0 0 0 39 0 15 0 114 180 8 149 0 151 119 54 45 0 0 11 6 0 139 143 188 64 99 119 0 0 23 0 14 197 75 194 0 0 0 181 0 187 9 0 148 43 160 0 0 79 13 0 0 188 0 0 0 0 0 0 28 139 0 0 191 0 99 0 82 0 139 171 0 0 0 192 0 0 80 17 0 0 149 0 0 78
0 0 0 139 0 0 0 0 89 149 0 12 101 77 0 0 0 173 180 0 199 79 0 82 125 132 0 0 0 164 0 101 0 110 63 166 0 108 112 170 0 14 143 13 149 71 31 0 187 0 0 0 33 0 0 184 34 121 113 164 29 46 0 0 0 78 0 0 131 194 0 0 0 124 0 133 47 26 93 68 121 0 0 0 186 3 0 70 189 0 0 158 199 0 5 67 74 0 0 0
